19 14
2 11
16 20
17 6
8 26
1 16
0 23
11 8
17 19
10 12
22 28
4 8
27 8
23 1
0 26
2 12
25 29
12 29
18 19
14 27
24 1
9 27
11 6
27 23
27 2
17 1
1 8
29 2
17 19
8 26
27 24
20 28
14 19
19 28
19 21
0 20
29 14
19 26
2 22
20 21
9 2
21 12
4 27
1 12
4 6
11 7
27 12
25 19
19 4
9 10
0 12
5 29
22 9
10 13
20 15
24 8
27 16
18 2
25 22
13 24
12 20
15 2
28 19
0 12
4 24
5 7
9 0
20 6
27 3
26 19
18 9
23 27
8 28
0 11
11 7
9 7
6 9
22 6
29 4
29 20
11 19
6 21
14 1
11 20
7 25
25 22
6 21
14 20
19 20
18 25
6 1
5 0
22 15
7 19
13 15
3 20
2 1
16 7
22 17
7 25
3 14
5 8
21 20
15 12
10 22
18 0
17 15
26 3
21 7
7 12
19 29
29 5
13 9
7 26
8 28
19 16
10 7
24 19
29 28
7 1
5 3
15 13
19 14
7 0
28 13
19 14
21 29
13 26
10 18
21 15
23 21
20 2
19 14
20 5
4 16
2 15
8 28
22 9
24 0
17 21
5 29
22 1
19 25
19 24
20 14
12 18
20 28
23 20
9 23
2 16
19 7
17 23
2 26
25 11
23 24
25 23
21 20
8 10
22 24
15 22
6 20
25 12
20 5
6 2
